1672545000
1672563780
1672587840
1672613340
1672636620
1672653720
1672677060
1672702920
1672727280
1672743600
1672766160
1672792080
1672816920
1672833180
1672855080
1672880940
1672905960
1672922460
1672944000
1672969560
1672994520
1673011500
1673032800
1673058120
1673082900
1673100300
1673121480
1673146560
1673171220
1673189040
1673210100
1673234940
1673259480
1673277720
1673298660
1673323260
1673347860
1673366460
1673387280
1673411520
1673436180
1673455440
1673476020
1673499900
1673524620
1673544780
1673565060
1673588280
1673613060
1673634540
1673654760
1673676900
1673701680
1673724660
1673745300
1673765820
1673790480
1673815080
1673836860
1673855280
1673879700
1673905560
1673928900
1673945580
1673969340
1673995740
1674020100
1674036300
1674059220
1674085500
1674110340
1674126780
1674149040
1674175020
1674199920
1674216840
1674238800
1674264420
1674289140
1674306660
1674328500
1674353640
1674378120
1674396360
1674418080
1674442740
1674466980
1674485880
1674507600
1674531720
1674555840
1674575460
1674597060
1674620640
1674644700
1674665160
1674686640
1674709500
1674733620
1674755040
1674776460
1674798420
1674822540
1674845220
1674866640
1674887400
1674911580
1674935700
1674957480
1674976680
1675000800
1675026480
1675049520
1675066500
1675090380
1675117080
1675142160
1675157100
1675180200
1675207140
1675232880
1675247880
1675270020
1675296540
1675322160
1675338060
1675359540
1675385520
1675410720
1675427460
1675448700
1675474200
1675498920
1675516440
1675537680
1675562640
1675586940
1675605180
1675626420
1675650900
1675674960
1675693800
1675715040
1675739040
1675762980
1675782360
1675803600
1675827120
1675851000
1675870920
1675892220
1675915200
1675939080
1675959660
1675980900
1676003280
1676027100
1676048640
1676069880
1676091480
1676115300
1676137920
1676159460
1676179800
1676203680
1676227740
1676249760
1676268540
1676292540
1676318100
1676341260
1676358060
1676382120
1676408940
1676433660
1676449020
1676472540
1676499720
1676525160
1676540700
1676563380
1676589960
1676615160
1676631780
1676653860
1676679660
1676704380
1676722080
1676743980
1676769000
1676793300
1676811900
1676833740
1676858100
1676882040
1676901420
1676923320
1676947020
1676970660
1676990820
1677012780
1677035760
1677059280
1677080160
1677102180
1677124440
1677147840
1677169560
1677191640
1677213060
1677236460
1677259020
1677281220
1677301800
1677325140
1677348720
1677371160
1677390600
1677413940
1677438720
1677461760
1677479760
1677503100
1677529200
1677553740
1677569760
1677592860
1677620160
1677646920
1677661020
1677683400
1677710820
1677737280
1677752700
1677774000
1677800520
1677826080
1677843060
1677864000
1677889560
1677914280
1677932340
1677953340
1677978180
1678002240
1678021140
1678042380
1678066500
1678090140
1678109760
1678131180
1678154640
1678178040
1678198260
1678219860
1678242720
1678266000
1678286760
1678308540
1678330740
1678353900
1678375260
1678397220
1678418760
1678441860
1678463880
1678486080
1678506900
1678529820
1678552680
1678575180
1678595100
1678617960
1678641840
1678664820
1678683540
1678706460
1678731540
1678755120
1678772460
1678795560
1678821840
1678846500
1678862520
1678885560
1678912800
1678938600
1678954140
1678976700
1679003820
1679029620
1679046180
1679068200
1679094180
1679119200
1679137260
1679158980
1679183880
1679208180
1679227440
1679249160
1679273100
1679296860
1679317080
1679338980
1679362080
1679385480
1679406420
1679428560
1679450880
1679473980
1679495640
1679517960
1679539560
1679562480
1679584680
1679607300
1679628120
1679650920
1679673780
1679696640
1679716680
1679739360
1679762880
1679786100
1679805360
1679827860
1679852160
1679875860
1679894160
1679916540
1679941800
1679966100
1679983440
1680005640
1680031920
1680057360
1680073740
1680095580
1680122700
1680149820
1680165360
1680186420
1680213540
1680240000
1680257280
1680277620
1680303480
1680328680
1680347460
1680367980
1680392580
1680416760
1680436620
1680457560
1680481200
1680504780
1680525360
1680546720
1680569580
1680592740
1680613980
1680635700
1680657780
1680680700
1680702480
1680724620
1680745980
1680768720
1680790980
1680813480
1680834180
1680856740
1680879540
1680902460
1680922440
1680944820
1680968220
1680991500
1681010760
1681032960
1681057080
1681080840
1681099260
1681121400
1681146300
1681170600
1681188120
1681210200
1681236000
1681260900
1681277700
1681299780
1681326240
1681351800
1681368480
1681390320
1681416960
1681442940
1681460280
1681481760
1681507740
1681533240
1681552080
1681573260
1681597980
1681622580
1681642800
1681664160
1681687560
1681711440
1681732620
1681754400
1681776720
1681800120
1681822080
1681844220
1681865700
1681888680
1681911240
1681933860
1681954500
1681977180
1682000220
1682023260
1682043240
1682065620
1682089140
1682112540
1682131860
1682154060
1682178000
1682201760
1682220540
1682242500
1682266860
1682291100
1682309280
1682330940
1682355900
1682380560
1682398200
1682419680
1682445240
1682470440
1682487660
1682508780
1682534940
1682560680
1682578080
1682598660
1682625060
1682651340
1682669400
1682689380
1682715360
1682741280
1682760840
1682780520
1682805300
1682830200
1682851080
1682871240
1682894580
1682918640
1682940360
1682961300
1682983380
1683006840
1683029220
1683050820
1683072000
1683095040
1683117900
1683140160
1683160560
1683183180
1683206520
1683229440
1683249120
1683271440
1683295200
1683318600
1683337680
1683359760
1683383940
1683407760
1683426360
1683448200
1683472800
1683497040
1683515100
1683536820
1683561840
1683586500
1683604080
1683625740
1683651180
1683676260
1683693480
1683715020
1683740880
1683766260
1683783660
1683804960
1683830880
1683856440
1683874680
1683895680
1683921060
1683946620
1683966180
1683986880
1684011240
1684036380
1684057500
1684078260
1684101240
1684125600
1684147860
1684169280
1684190820
1684214520
1684237560
1684259700
1684280100
1684303260
1684326900
1684349640
1684369200
1684391880
1684415940
1684439340
1684458180
1684480440
1684504860
1684528740
1684547040
1684569000
1684593660
1684617900
1684635900
1684657560
1684682400
1684706940
1684724700
1684746120
1684771140
1684795980
1684813560
1684834740
1684860000
1684885140
1684902600
1684923540
1684949040
1684974420
1684992060
1685012580
1685038260
1685063820
1685082180
1685102160
1685127600
1685153220
1685172840
1685192340
1685217060
1685242500
1685263680
1685283120
1685306520
1685331540
1685354040
1685374080
1685395920
1685420220
1685443620
1685464800
1685485140
1685508780
1685532720
1685554920
1685574300
1685597340
1685621640
1685644740
1685663340
1685685840
1685710560
1685734320
1685752380
1685774520
1685799480
1685823720
1685841480
1685863320
1685888520
1685913060
1685930640
1685952300
1685977560
1686002340
1686019860
1686041460
1686066780
1686091740
1686109320
1686130800
1686156120
1686181200
1686199080
1686220440
1686245580
1686270720
1686289380
1686310440
1686335160
1686360300
1686380220
1686400920
1686424800
1686449820
1686471240
1686491880
1686514500
1686539220
1686562200
1686583200
1686604260
1686628500
1686652560
1686674460
1686693960
1686717600
1686742260
1686765180
1686783480
1686806580
1686831600
1686855360
1686872880
1686895380
1686920640
1686945000
1686962160
1686984240
1687009560
1687034220
1687051320
1687072980
1687098300
1687123140
1687140360
1687161780
1687186980
1687211880
1687229280
1687250460
1687275600
1687300500
1687318140
1687339140
1687364220
1687389180
1687407120
1687427880
1687452840
1687477920
1687496340
1687516800
1687541520
1687566600
1687585920
1687606020
1687630260
1687655340
1687675920
1687695720
1687719120
1687744140
1687766160
1687786080
1687808100
1687832940
1687856460
1687877100
1687897380
1687921860
1687946520
1687968360
1687986960
1688010840
1688036100
1688059200
1688076780
1688099880
1688125500
1688149440
1688166540
1688189040
1688214720
1688239260
1688256180
1688278320
1688304000
1688328720
1688345760
1688367660
1688393220
1688417940
1688435340
1688457120
1688482380
1688507040
1688524860
1688546580
1688571540
1688596140
1688614500
1688636100
1688660700
1688685240
1688704320
1688725800
1688749860
1688774400
1688794440
1688815680
1688839020
1688863560
1688884860
1688905980
1688928300
1688952720
1688975580
1688996700
1689017700
1689042000
1689066300
1689088080
1689107340
1689131400
1689156780
1689179820
1689197280
1689220860
1689246780
1689270960
1689287400
1689310200
1689336240
1689361140
1689377280
1689399480
1689425400
1689450480
1689466860
1689488640
1689514320
1689539280
1689556140
1689577620
1689603000
1689627720
1689645120
1689666480
1689691500
1689716040
1689733920
1689755220
1689779880
1689804300
1689822660
1689843840
1689868200
1689892560
1689911460
1689932520
1689956460
1689980820
1690000380
1690021200
1690044780
1690069140
1690089480
1690110180
1690133100
1690157460
1690179000
1690199640
1690221540
1690245960
1690268820
1690289700
1690310220
1690334580
1690358940
1690380660
1690399380
1690423620
1690449300
1690472400
1690489320
1690513200
1690539600
1690563840
1690579980
1690603080
1690629480
1690654260
1690670580
1690693020
1690719120
1690743960
1690760760
1690782840
1690808520
1690833180
1690850640
1690872600
1690897800
1690922160
1690940340
1690962240
1690986900
1691011020
1691029920
1691051820
1691075880
1691099880
1691119440
1691141340
1691164800
1691188680
1691209080
1691230920
1691253660
1691277540
1691298900
1691320740
1691342640
1691366460
1691388960
1691410860
1691431680
1691455500
1691479320
1691501520
1691520960
1691544780
1691569920
1691593020
1691610780
1691634360
1691660640
1691685360
1691701260
1691724300
1691751000
1691776500
1691792160
1691814360
1691840760
1691866140
1691882520
1691904120
1691929980
1691954940
1691972040
1691993460
1692018780
1692043320
1692061140
1692082500
1692107340
1692131400
1692149880
1692171300
1692195600
1692219420
1692238500
1692259980
1692283800
1692307440
1692327120
1692348600
1692371880
1692395460
1692415680
1692437220
1692459900
1692483480
1692504300
1692525900
1692547980
1692571500
1692593100
1692614820
1692636120
1692659580
1692682260
1692704160
1692724380
1692747900
1692771780
1692794160
1692812940
1692836580
1692861840
1692885120
1692902280
1692925980
1692952500
1692977040
1692992940
1693016220
1693043280
1693068660
1693084440
1693107120
1693133700
1693158780
1693175580
1693197720
1693223460
1693248120
1693265940
1693287900
1693312860
1693337040
1693355760
1693377780
1693402020
1693425780
1693445340
1693467420
1693491000
1693514460
1693534800
1693557000
1693579800
1693603140
1693624200
1693646460
1693668600
1693691760
1693713600
1693735980
1693757340
1693780440
1693803060
1693825740
1693846140
1693869240
1693892760
1693915740
1693935120
1693958160
1693982760
1694006280
1694024520
1694047500
1694073180
1694097840
1694114760
1694137380
1694164080
1694190240
1694206020
1694227920
1694254800
1694280900
1694297580
1694318700
1694344740
1694369940
1694387820
1694408760
1694433900
1694458320
1694477040
1694498160
1694522580
1694546400
1694565840
1694587200
1694610960
1694634360
1694654460
1694676000
1694699160
1694722320
1694742900
1694764680
1694787180
1694810220
1694831340
1694853360
1694875260
1694898120
1694919840
1694942040
1694963280
1694986020
1695008340
1695030840
1695051360
1695073980
1695097020
1695119880
1695139500
1695162000
1695186000
1695209340
1695227880
1695250380
1695275400
1695299400
1695316680
1695339300
1695365520
1695390360
1695406620
1695429180
1695456240
1695482040
1695498060
1695520260
1695547200
1695573060
1695590040
1695611820
1695637740
1695662700
1695681120
1695702780
1695727500
1695751740
1695771300
1695793080
1695816780
1695840480
1695860940
1695882960
1695905880
1695929100
1695950340
1695972660
1695994740
1696017720
1696039620
1696062180
1696083540
1696106280
1696128780
1696151640
1696172280
1696194840
1696217940
1696241160
1696261020
1696283400
1696307100
1696330740
1696349820
1696372080
1696396500
1696420620
1696438860
1696460940
1696486140
1696510980
1696528500
1696550280
1696576320
1696602060
1696619100
1696640400
1696666980
1696693740
1696710840
1696731360
1696757760
1696783980
1696802520
1696822500
1696847760
1696872720
1696892460
1696912860
1696936920
1696960980
1696981500
1697002440
1697025600
1697048940
1697070180
1697091600
1697113920
1697136960
1697158680
1697180580
1697202180
1697224920
1697247120
1697269440
1697290380
1697312880
1697335560
1697358300
1697378580
1697400900
1697424000
1697447160
1697466780
1697488860
1697512560
1697536140
1697555100
1697577000
1697601300
1697625300
1697643540
1697665260
1697690280
1697714880
1697732220
1697753940
1697779800
1697804940
1697821620
1697843280
1697869800
1697895600
1697912280
1697933640
1697960340
1697986440
1698004020
1698025080
1698051000
1698076740
1698095760
1698116760
1698141300
1698166140
1698186600
1698207840
1698231060
1698255060
1698276540
1698298260
1698320400
1698343740
1698366000
1698388260
1698409440
1698432360
1698455220
1698478020
1698498360
1698520980
1698544320
1698567540
1698587280
1698609540
1698633360
1698657000
1698676080
1698698100
1698722340
1698746340
1698764940
1698786720
1698811320
1698835800
1698853860
1698875400
1698900420
1698925380
1698943020
1698964260
1698989760
1699015260
1699032720
1699053540
1699079460
1699105440
1699123260
1699143480
1699169520
1699195800
1699214700
1699234200
1699259700
1699285680
1699306140
1699325340
1699349580
1699374600
1699396260
1699416180
1699438920
1699462980
1699485420
1699506300
1699527840
1699551240
1699574160
1699595820
1699616460
1699639380
1699662720
1699685100
1699705020
1699727520
1699751280
1699774260
1699793520
1699815720
1699839780
1699863360
1699882080
1699903980
1699928400
1699952400
1699970640
1699992360
1700017140
1700041500
1700059380
1700080860
1700106000
1700130780
1700148240
1700169600
1700195100
1700220300
1700237460
1700258700
1700284560
1700310120
1700327340
1700348400
1700374320
1700400060
1700418180
1700438880
1700464380
1700490060
1700509620
1700530080
1700554440
1700579760
1700601000
1700621640
1700644500
1700669160
1700691660
1700712960
1700734260
1700758200
1700781540
1700803620
1700823780
1700847060
1700870940
1700893860
1700913060
1700935800
1700960100
1700983680
1701002220
1701024540
1701049140
1701073200
1701091320
1701113220
1701138060
1701162480
1701180360
1701201960
1701226920
1701251580
1701269340
1701290700
1701315720
1701340680
1701358320
1701379440
1701404640
1701429840
1701447480
1701468300
1701493620
1701519000
1701536940
1701557340
1701582720
1701608280
1701627000
1701646860
1701671940
1701697560
1701717600
1701736920
1701761280
1701786780
1701808500
1701827700
1701850680
1701875820
1701898980
1701918840
1701940140
1701964620
1701988620
1702009740
1702029480
1702053240
1702077720
1702100040
1702118700
1702141800
1702166580
1702189800
1702207860
1702230300
1702255380
1702279260
1702296900
1702318920
1702344180
1702368540
1702385940
1702407720
1702432980
1702457640
1702475040
1702496580
1702521900
1702546740
1702564140
1702585620
1702610940
1702635840
1702653420
1702674780
1702700040
1702725060
1702742940
1702764180
1702789260
1702814400
1702832940
1702853940
1702878600
1702903740
1702923480
1702944240
1702968120
1702993140
1703014440
1703035080
1703057700
1703082600
1703105520
1703126460
1703147460
1703172000
1703196240
1703218140
1703237340
1703261280
1703286300
1703309340
1703327280
1703350500
1703375820
1703399820
1703417040
1703439600
1703465040
1703489640
1703506560
1703528580
1703554080
1703578920
1703595960
1703617560
1703642940
1703667840
1703685120
1703706480
1703731680
1703756520
1703774160
1703795340
1703820300
1703845140
1703863020
1703884080
1703908860
1703933700
1703951940
1703972820
1703997420
1704022260
1704041040
1704061620
